%YAML:1.0
---
camera_matrix: !!opencv-matrix
   rows: 3
   cols: 3
   dt: d
   data: [ 1.7736286751892566e+05, 0., 8.8151181649900138e+02, 0.,
       6.2003172772782261e+05, 1.2356318462593133e+03, 0., 0., 1. ]
camera_distCoeffs: !!opencv-matrix
   rows: 1
   cols: 5
   dt: d
   data: [ -1.5954244878118348e+02, 2.1659338644278742e-01,
       1.5992374975064186e-01, 7.9034680018093639e-01, 0. ]
