%YAML:1.0
---
camera_matrix: !!opencv-matrix
   rows: 3
   cols: 3
   dt: d
   data: [ 1.4087516626973124e+05, 0., 1.0569029175556680e+03, 0.,
       2.1180016977604345e+05, 1.1398597000023094e+03, 0., 0., 1. ]
camera_distCoeffs: !!opencv-matrix
   rows: 1
   cols: 5
   dt: d
   data: [ -5.0003532925503542e+01, 6.5984005363296949e-01,
       2.9924302147817433e-01, 2.5338678654163241e-02, 0. ]
